-10.000000 -9.900000
-9.800000 -9.700000
-9.600000 -9.500000
-9.400000 -9.300000
-9.200000 -9.100000
-9.000000 -8.900000
-8.800000 -8.700000
-8.600000 -8.500000
-8.400000 -8.300000
-8.200000 -8.100000
-8.000000 -7.900000
-7.800000 -7.700000
-7.600000 -7.500000
-7.400000 -7.300000
-7.200000 -7.100000
-7.000000 -6.900000
-6.800000 -6.700000
-6.600000 -6.500000
-6.400000 -6.300000
-6.200000 -6.100000
-6.000000 -5.900000
-5.800000 -5.700000
-5.600000 -5.500000
-5.400000 -5.300000
-5.200000 -5.100000
-5.000000 -4.900000
-4.800000 -4.700000
-4.600000 -4.500000
-4.400000 -4.300000
-4.200000 -4.100000
-4.000000 -3.900000
-3.800000 -3.700000
-3.600000 -3.500000
-3.400000 -3.300000
-3.200000 -3.100000
-3.000000 -2.900000
-2.800000 -2.700000
-2.600000 -2.500000
-2.400000 -2.300000
-2.200000 -2.100000
-2.000000 -1.900000
-1.800000 -1.700000
-1.600000 -1.500000
-1.400000 -1.300000
-1.200000 -1.100000
-1.000000 -0.900000
-0.800000 -0.700000
-0.600000 -0.500000
-0.400000 -0.300000
-0.200000 -0.100000
0.000000 0.100000
0.200000 0.300000
0.400000 0.500000
0.600000 0.700000
0.800000 0.900000
1.000000 1.100000
1.200000 1.300000
1.400000 1.500000
1.600000 1.700000
1.800000 1.900000
2.000000 2.100000
2.200000 2.300000
2.400000 2.500000
2.600000 2.700000
2.800000 2.900000
3.000000 3.100000
3.200000 3.300000
3.400000 3.500000
3.600000 3.700000
3.800000 3.900000
4.000000 4.100000
4.200000 4.300000
4.400000 4.500000
4.600000 4.700000
4.800000 4.900000
5.000000 5.100000
5.200000 5.300000
5.400000 5.500000
5.600000 5.700000
5.800000 5.900000
6.000000 6.100000
6.200000 6.300000
6.400000 6.500000
6.600000 6.700000
6.800000 6.900000
7.000000 7.100000
7.200000 7.300000
7.400000 7.500000
7.600000 7.700000
7.800000 7.900000
8.000000 8.100000
8.200000 8.300000
8.400000 8.500000
8.600000 8.700000
8.800000 8.900000
9.000000 9.100000
9.200000 9.300000
9.400000 9.500000
9.600000 9.700000
9.800000 9.900000
0.544021 0.457536
0.366479 0.271760
0.174327 0.075151
-0.024776 -0.124454
-0.222890 -0.319098
-0.412118 -0.501021
-0.584917 -0.662969
-0.734397 -0.798487
-0.854599 -0.902172
-0.940731 -0.969890
-0.989358 -0.998941
-0.998543 -0.988168
-0.967920 -0.938000
-0.898708 -0.850437
-0.793668 -0.728969
-0.656987 -0.578440
-0.494114 -0.404850
-0.311541 -0.215120
-0.116549 -0.016814
0.083090 0.182163
0.279415 0.373877
0.464602 0.550686
0.631267 0.705540
0.772764 0.832267
0.883455 0.925815
0.958924 0.982453
0.996165 0.999923
0.993691 0.977530
0.951602 0.916166
0.871576 0.818277
0.756802 0.687766
0.611858 0.529836
0.442520 0.350783
0.255541 0.157746
0.058374 -0.041581
-0.141120 -0.239249
-0.334988 -0.427380
-0.515501 -0.598472
-0.675463 -0.745705
-0.808496 -0.863209
-0.909297 -0.946300
-0.973848 -0.991665
-0.999574 -0.997495
-0.985450 -0.963558
-0.932039 -0.891207
-0.841471 -0.783327
-0.717356 -0.644218
-0.564642 -0.479426
-0.389418 -0.295520
-0.198669 -0.099833
0.000000 0.099833
0.198669 0.295520
0.389418 0.479426
0.564642 0.644218
0.717356 0.783327
0.841471 0.891207
0.932039 0.963558
0.985450 0.997495
0.999574 0.991665
0.973848 0.946300
0.909297 0.863209
0.808496 0.745705
0.675463 0.598472
0.515501 0.427380
0.334988 0.239249
0.141120 0.041581
-0.058374 -0.157746
-0.255541 -0.350783
-0.442520 -0.529836
-0.611858 -0.687766
-0.756802 -0.818277
-0.871576 -0.916166
-0.951602 -0.977530
-0.993691 -0.999923
-0.996165 -0.982453
-0.958924 -0.925815
-0.883455 -0.832267
-0.772764 -0.705540
-0.631267 -0.550686
-0.464602 -0.373877
-0.279415 -0.182163
-0.083090 0.016814
0.116549 0.215120
0.311541 0.404850
0.494114 0.578440
0.656987 0.728969
0.793668 0.850437
0.898708 0.938000
0.967920 0.988168
0.998543 0.998941
0.989358 0.969890
0.940731 0.902172
0.854599 0.798487
0.734397 0.662969
0.584917 0.501021
0.412118 0.319098
0.222890 0.124454
0.024776 -0.075151
-0.174327 -0.271760
-0.366479 -0.457536
